TOT: -94.4416156
VDW: -33.1446393
ELEC: -61.2969763
