TOT: -88.3318749
VDW: -34.2693737
ELEC: -54.0625011
