TOT: -80.7087166
VDW: -7.74484031
ELEC: -72.9638763
