TOT: -75.5417282
VDW: -19.8811722
ELEC: -55.6605559
